冰雹数——改编自习题5.11#作业：78，归档：20191010181961     关闭当前页面
描述
﻿
· 问题描述： 
   n0是一个给定的正整数，对于i=0,1,2,...,定义：
   (1)若ni是偶数，则ni+1=i/2;
   (2)若ni是奇数，则ni+1=3ni+1;
   (3)若ni是1，则序列结束。
   用该方法产生的数称为冰雹(hailstone)。编写产生一些冰雹的程序，建议用函数void hailstone(int n)计算冰雹，显示输出由n产生的序列。
· 输入要求：
   每行包括一个正整数ni+1，n0在1~4000000000之间（闭区间），遇文件尾测试结束。
· 输出要求： 
   每组输入数据对应一组输出,根据程序处理结果输出冰雹数序列以及序列数的总个数，每组测试样例的输出结果后空一行。
· 输出示意图： 
	

样例输入
77
92
143165574
样例输出
Hailstone generated by 77:
77 232 116 58 29 88 44 22 11 34 17 52 26 13 40 20 10 5 16 8 4 2 1
Number of hailstone generated:23

Hailstone generated by 92:
92 46 23 70 35 106 53 160 80 40 20 10 5 16 8 4 2 1
Number of hailstone generated:18

Hailstone generated by 143165574:
143165574 71582787 214748362 107374181 322122544 161061272 80530636 40265318 20132659 60397978 30198989 90596968 45298484 22649242 11324621 33973864 16986932 8493466 4246733 12740200 6370100 3185050 1592525 4777576 2388788 1194394 597197 1791592 895796 447898 223949 671848 335924 167962 83981 251944 125972 62986 31493 94480 47240 23620 11810 5905 17716 8858 4429 13288 6644 3322 1661 4984 2492 1246 623 1870 935 2806 1403 4210 2105 6316 3158 1579 4738 2369 7108 3554 1777 5332 2666 1333 4000 2000 1000 500 250 125 376 188 94 47 142 71 214 107 322 161 484 242 121 364 182 91 274 137 412 206 103 310 155 466 233 700 350 175 526 263 790 395 1186 593 1780 890 445 1336 668 334 167 502 251 754 377 1132 566 283 850 425 1276 638 319 958 479 1438 719 2158 1079 3238 1619 4858 2429 7288 3644 1822 911 2734 1367 4102 2051 6154 3077 9232 4616 2308 1154 577 1732 866 433 1300 650 325 976 488 244 122 61 184 92 46 23 70 35 106 53 160 80 40 20 10 5 16 8 4 2 1
Number of hailstone generated:186

备注
第五章作业
