斐波拉契数列#作业：16，归档：20191010012720     关闭当前页面
描述
· 问题描述： 
   编写程序实现以下功能：输出斐波拉契数列的前n项。n≥3
· 输入要求：
   有多组输入，每行是一个整数n，当输入为0时，程序结束运行。
· 输出要求： 
   对于每组输入n，当n≥3时，输出斐波拉契数列的前n项，每行输出8个数（最后一行可不是8个），每个数的宽度为10（右对齐，左边用空格补齐）；否则输出Error!。两组输出用空行隔开。

样例输入
7
8
10
16
20
2
15
0
样例输出
         1         1         2         3         5         8        13

         1         1         2         3         5         8        13        21

         1         1         2         3         5         8        13        21
        34        55

         1         1         2         3         5         8        13        21
        34        55        89       144       233       377       610       987

         1         1         2         3         5         8        13        21
        34        55        89       144       233       377       610       987
      1597      2584      4181      6765

Error!

         1         1         2         3         5         8        13        21
        34        55        89       144       233       377       610
